time,u,v,r,x,y,Ψ,x1,y1,x2,y2,δ,n_p,X_F,Y_F,N_F
0.0,1.2,0.0,0.0,0.0,0.0,0.0,1.0,0.0,-1.0,1.2246467991473532e-16,0.3490658503988659,15.0,-0.6485558508913146,0.12782178570821476,0.060339637239786595
0.25,1.198502637275497,-0.007766239308265954,0.017619790505044836,0.29981126300143673,-0.0007077337204310436,0.002279815900000806,1.2998086642222964,0.0015720802046567557,-0.7001861382194229,-0.0029875476455187523,0.3490658503988659,15.0,-0.6599008949399924,0.15912995073587194,0.08555268171499986
0.5,1.1970150834105244,-0.01674924867560531,0.03219853028466367,0.5992643623912116,-0.0022193038778395816,0.008561961332077475,1.5992277090246187,0.00634255284574885,-0.4006989842421957,-0.010781160601428022,0.34906585039886595,14.999999999999996,-0.6698176793819935,0.19826009234049016,0.11543283103226729
0.75,1.195377244046652,-0.02649732370186261,0.04462083507957001,0.8983634799670753,-0.0036872749060751667,0.01820427026794999,1.898197786815043,0.014515989909795045,-0.10147082688089247,-0.021890539721945088,0.3490658503988659,14.999999999999996,-0.6838263932083871,0.23898144010940978,0.1467073913179176
1.0,1.1934393761569362,-0.03668080919292765,0.055470349624647364,1.197076760011046,-0.004335353433595094,0.030745615228292108,2.1966041508144705,0.026405418088569704,0.19754936920762145,-0.03507612495575967,0.3490658503988658,14.999999999999993,-0.6879759203668272,0.2588553203772916,0.1667503709049531
1.25,1.191102564479377,-0.04707258677887032,0.06511268640229928,1.4953365315329843,-0.0034432273552001875,0.04584172454294962,2.49428598367195,0.04238244308795661,0.4963870793940186,-0.04926889779835707,0.34906585039886584,14.999999999999996,-0.6882260496706405,0.2720082405134357,0.1868817083439031
1.5,1.1882793016615065,-0.05748384363144643,0.07380539128689631,1.7930411292200406,-0.00033715026956055523,0.06322535721092644,2.79104307205193,0.06284609203694702,0.7950391863881512,-0.06352039257606809,0.3490658503988659,14.999999999999996,-0.6806028877739965,0.2669757357031179,0.20421345435480223
1.75,1.1849116766166985,-0.06777853788223483,0.08170917800383841,2.0900553057238733,0.005615775250850666,0.082680718127371,3.08663920188352,0.08820232327975784,1.0934714095642264,-0.07697077277805647,0.34906585039886584,14.999999999999995,-0.6691608854700918,0.2491407899865511,0.221714435656927
2.0,1.180954243457283,-0.07784394466968923,0.08893058064894908,2.386211798589564,0.015008476577112741,0.10402494656930657,3.3808060811654674,0.11884591235298722,1.3916175160136606,-0.0888289591987615,0.34906585039886595,14.999999999999996,-0.6532761752893269,0.2355405807785795,0.2327979394755912
2.25,1.1763827378313576,-0.08757251575928415,0.09552452958112961,2.6813124424746424,0.028396143984204213,0.1270949588802979,3.673246744151462,0.15514921557355615,1.6893781407978232,-0.09835692760514737,0.34906585039886595,14.999999999999995,-0.63338966350337,0.2148306281388132,0.25062709617564377
2.5,1.1711907394131704,-0.09688900401258711,0.10154483601193415,2.975131005568133,0.0462944243377449,0.15174109708931305,3.963640398649139,0.19745387588265792,1.9866216124871268,-0.10486502720716814,0.34906585039886584,14.999999999999995,-0.6128908526712307,0.19819126341029494,0.26823128033433813
2.75,1.1653823490139608,-0.10572423640825487,0.10701621504754043,3.267415537425707,0.06917660028031698,0.17782325840393445,4.251646600200692,0.24606417776813394,2.283184474650721,-0.1077109772074997,0.34906585039886584,14.999999999999995,-0.5906470471232259,0.18521727673147234,0.28676229024622435
3.0,1.158979817993885,-0.11402567706773117,0.11195865037179903,3.5578915477053132,0.09747168632465672,0.2052067985359916,4.536910413899527,0.30124131025342543,2.5788726815110996,-0.10629793760411167,0.3490658503988659,14.999999999999993,-0.568224450966821,0.17842514534466922,0.3058018794841468
3.25,1.1520162353151153,-0.12175322071412097,0.11638958350434783,3.846266167642469,0.1315616658964993,0.23376166203314852,4.819068101544725,0.3632001717544239,2.8734642337402136,-0.10007683996142532,0.34906585039886584,14.999999999999993,-0.5465500359446582,0.17935482387318946,0.32513187697893575
3.5,1.1445345979487105,-0.12887929367834663,0.12032754255980296,4.132232057295576,0.1717795027123616,0.26336223795810304,5.097752208726644,0.4321078284487527,3.16671190586451,-0.08854882302402957,0.34906585039886595,14.999999999999995,-0.526835966054973,0.18753552440756463,0.34328481239540287
3.75,1.1365848335689333,-0.13538984074031776,0.12379181439963623,4.415471610096788,0.21840754968064546,0.2938875997925703,5.3725965794314305,0.508082873236673,3.4583466407621466,-0.07126777387538205,0.34906585039886595,15.0,-0.5072652671990797,0.20326609593987804,0.36241185932781844
4.0,1.1282269810670256,-0.14128202599132234,0.12680973309289376,4.695661784669612,0.27167695440557116,0.32522267778666764,5.643241384617155,0.5911967531108151,3.748082184722069,-0.04784284429967268,0.34906585039886595,15.0,-0.48970945193209486,0.22380681117018633,0.3802655599463445
4.25,1.1195213512152014,-0.14656603931701812,0.1294079042595718,4.972478584164053,0.33176788030556287,0.3572591198853053,5.909337432649549,0.6814756125832393,4.035619735678556,-0.017939851972113348,0.3490658503988659,14.999999999999996,-0.47245803682224624,0.2523905916063956,0.3985805880827369
4.5,1.110533218655205,-0.15125669916586862,0.1316193844977833,5.245601008615715,0.39881106510564074,0.38989608705659046,6.170549569976703,0.7789033681535681,4.320652447254727,0.018718762057713677,0.3490658503988659,14.999999999999993,-0.4569698065292556,0.2827710925729678,0.41645498441914497
4.75,1.1013244519776297,-0.1553821221459854,0.13347698085500667,5.514714762959348,0.4728898609023045,0.4230409678951603,6.426559496850936,0.883425098457237,4.602870029067761,0.06235462334737193,0.3490658503988659,14.999999999999995,-0.44270187918025,0.3258837200426697,0.4344968315877264
5.0,1.0919560109896684,-0.15896339082403213,0.1350156367267346,5.77951468835856,0.5540438255757687,0.4566096774671277,6.677067160533901,0.994951479957062,4.881962216183219,0.11313617119447553,0.3490658503988659,14.999999999999995,-0.43031168337437775,0.3620086571857716,0.4494862246271015
5.25,1.0824841942702799,-0.16204617564687582,0.13626396518649067,6.039707689389015,0.6422710524157385,0.4905260069807347,6.921792873444687,1.1133609887012992,5.157622505333343,0.17118111613017775,0.3490658503988659,14.999999999999995,-0.41863405552689353,0.40205068882620365,0.4637124963569586
5.5,1.0729629917460288,-0.1646650031635958,0.13725565965719125,6.295015154517271,0.7375310054145986,0.5247216255131418,7.160478587523399,1.2385031065632048,5.429551721511143,0.2365589042659926,0.3490658503988659,14.999999999999995,-0.4069600563879027,0.4475406046694199,0.47835528143153083
5.75,1.063442855359171,-0.16685355329761248,0.13802425735799645,6.5451738448518615,0.8397503386880524,0.5591366319607786,7.39288724922066,1.3702048457416571,5.697460440483064,0.30929583163444774,0.3490658503988659,14.999999999999996,-0.3960526040308878,0.49288079872875534,0.49100402904713125
6.0,1.0539675394876766,-0.16865136276208023,0.1385962427018815,6.789936881005547,0.948826417793246,0.5937185872710501,7.6188029427837805,1.5082735123717173,5.961070819227312,0.38937932321477464,0.3490658503988659,14.999999999999995,-0.38571728217425366,0.5380048469750202,0.502096015687085
6.25,1.0445758618977208,-0.1700964959239076,0.13899730066808494,7.029074401555029,1.0646304273749476,0.6284215915932474,7.8380308139710255,1.6524990545452656,6.22011798913903,0.4767618002046296,0.3490658503988659,14.999999999999996,-0.37573566978557255,0.5822049367815862,0.5113987498068001
6.5,1.0353018271562056,-0.1712258138310095,0.13925055686697935,7.262373753625321,1.187011024889241,0.6632058473664203,8.05039636989207,1.8026573164009787,6.474351137358571,0.5713647333775034,0.3490658503988659,14.999999999999995,-0.3662352104431915,0.6220564643729194,0.519969326440983
6.75,1.0261739933103007,-0.17207736795378656,0.13937866050862585,7.489639592283161,1.3157973609645899,0.6980372902153875,8.255744717940614,1.9585126450845831,6.723534466625708,0.6730820768445971,0.3490658503988659,14.999999999999996,-0.3556911525144797,0.6605420114070472,0.5276689737424723
7.0,1.017218973120962,-0.17268327441395956,0.13940148753117027,7.71069362537054,1.4508024991199497,0.7328871719619732,8.453939557281847,2.1198207983446156,6.967447693459233,0.781784199895284,0.3490658503988659,14.999999999999996,-0.34543920935810507,0.7021318229328526,0.5333010870236502
7.25,1.0084566656567289,-0.1730685255241375,0.13933445703777386,7.925373323662592,1.591827073324301,0.7677311437334337,8.64486157492027,2.2863316854775744,7.205885072404914,0.8973224611710275,0.3490658503988659,14.999999999999998,-0.33500740713208,0.7392049506213588,0.5384245600862408
7.5,0.9999040479434474,-0.17326393078290603,0.1391934990851855,8.133531364471708,1.7386612546666078,0.8025487801549972,8.828407429830152,2.457790765806306,7.438655299113264,1.0195317435269098,0.3490658503988659,14.999999999999996,-0.3257000386073206,0.7695019466131302,0.5406676821876938
7.75,0.9915718552059464,-0.17329981785688056,0.13898846251094174,8.335035568166951,1.8910858611951384,0.8373228410800961,9.00448952768609,2.633939410748629,7.665581608647812,1.148232311641648,0.3490658503988659,15.0,-0.3154330099521079,0.8007213545079542,0.5412599894768824
8.0,0.9834718633082036,-0.17319545656023136,0.13873064565216775,8.52976769980568,2.048874950645725,0.8720387610804531,9.173034623910372,2.81451694554476,7.886500775700987,1.2832329557466897,0.3490658503988659,14.999999999999998,-0.3047324398816892,0.8290791100140118,0.5403186236969391
8.25,0.9756121726432296,-0.17297219208019063,0.13842966070735435,8.717622531566379,2.211798103613058,0.9066845781837888,9.333982441032186,2.9992626818661985,8.10126262210057,1.4243335253599185,0.3490658503988659,15.0,-0.2937241115739585,0.8544746230730932,0.5379874619540795
8.5,0.9679981995940504,-0.17264927737543107,0.13809393805324877,8.898507262402399,2.379621369679925,0.9412505837646551,9.487284907445082,3.18791641772741,8.309729617359718,1.57132632163244,0.3490658503988659,14.999999999999998,-0.2827833282963223,0.8763208649917662,0.5344426921089686
8.75,0.9606324932987892,-0.17224453413772586,0.13773087091320318,9.072340672867663,2.5521083401457942,0.9757290448045703,9.632905145576997,3.3802191249663815,8.51177620015833,1.7239975553252063,0.3490658503988659,15.0,-0.2721864412396873,0.8937165461699563,0.529606390721115
9.0,0.9535151987041098,-0.1717747867107515,0.1373465072184755,9.239052393986515,2.7290209373413883,1.0101139024942365,9.770816655651663,3.5759133567287296,8.707288132321366,1.882128517954047,0.3490658503988659,14.999999999999998,-0.25773750228104014,0.911578447314379,0.5217215332552501
9.25,0.9466532641033422,-0.1712500091961606,0.13694321069093676,9.39858223766334,2.9101213624045084,1.044400128434963,9.901002917288082,3.77474466806172,8.8961615580386,2.045498056747297,0.3490658503988659,15.0,-0.25325739094536204,0.9174133138160991,0.516600938893206
9.5,0.940025089002327,-0.1706917068143943,0.13653236653522988,9.550879219925054,3.0951702461706443,1.0785844808325968,10.02345553966392,3.9764599953588364,9.078302900186188,2.213880496982453,0.3490658503988659,14.999999999999998,-0.23858663727982476,0.9281549961559357,0.506002634698736
9.75,0.9336474286493169,-0.17010174864904276,0.13610963701974305,9.695900983456097,3.2839289575763284,1.1126644876303422,10.138174346518495,4.180809257464155,9.253627620393699,2.387048657688503,0.3490658503988659,14.999999999999998,-0.22697534877261935,0.9325847070465297,0.49727008912597587
10.0,0.9275103614260712,-0.1694931523311039,0.13568400217686283,9.833613595397136,3.4761618185993566,1.1466383568291112,10.245167109085125,4.38754741502471,9.422060081709146,2.5647762221740034,0.3490658503988659,14.999999999999996,-0.2146223431878033,0.9360842942888169,0.48601786507787037
10.25,0.9216105628811548,-0.16887202501830978,0.13525509144768688,9.963990414385275,3.6716341072650063,1.180505307167787,10.34444798009492,4.596432485666959,9.58353284867563,2.7468357288630534,0.3490658503988659,14.999999999999998,-0.2024728034891696,0.9369600124261985,0.4741494438164617
10.5,0.9159424255831937,-0.16824540786368436,0.13482591913410893,10.087011584112803,3.8701131513047082,1.2142649138306072,10.436037465187493,4.807226236444745,9.737985703038113,2.9330000661646722,0.3490658503988659,14.999999999999996,-0.19089887553290047,0.9344305024616271,0.45863992127968345
10.75,0.9104993043393937,-0.16762042358984047,0.13439379432077186,10.20266384731009,4.071368099822769,1.2479167503233284,10.519962495938692,5.019693765181703,9.885365198681486,3.123042434463835,0.3490658503988659,14.999999999999998,-0.1798848311979369,0.9290942626886326,0.4439110346415594
11.0,0.9052742083127653,-0.16700250893036322,0.13396424416679498,10.310940285556182,4.275169998033888,1.281460808532207,10.596255712023632,5.233603672014434,10.025624859088731,3.3167363240533425,0.3490658503988659,14.999999999999998,-0.16870908053741052,0.9203288400183188,0.42944542424059107
11.25,0.9002610228095652,-0.16639711243777958,0.13354037036965533,10.411839910426902,4.481292131920359,1.314898140377187,10.664954359225447,5.448728473913681,10.158725461628357,3.5138557899270366,0.3490658503988659,14.999999999999998,-0.15702920152615432,0.9096124462543279,0.4142896329645688
11.5,0.8954540346986029,-0.16580752664663073,0.13312290403174665,10.5053672248546,4.689510412073646,1.3482302612069526,10.726100343562214,5.664844657502162,10.284634106146987,3.7141761666451303,0.3490658503988659,14.999999999999998,-0.14670102514398278,0.8957259398887928,0.39781375047051115
11.75,0.8908438699712481,-0.16523788785855364,0.1327112825105938,10.591531860424302,4.89960308143033,1.3814586984655564,10.779740262239399,5.881732195933537,10.403323458609208,3.9174739669271235,0.3490658503988659,14.999999999999998,-0.13531450809687376,0.8817666209600693,0.38042113371801517
12.0,0.8864259242546061,-0.16468856256550157,0.132305849830336,10.67034819654995,5.111350929655296,1.4145849609647196,10.825925025691296,6.099174724815565,10.514771367408605,4.123527134495024,0.3490658503988659,14.999999999999998,-0.12435864515075944,0.8647614639706674,0.3629966460842551
12.25,0.8821926662038515,-0.16416286419466003,0.13190814184632704,10.741835237815485,5.324537531278299,1.4476107995472518,10.864709451322799,6.316959783981344,10.618961024308174,4.332115278575254,0.3490658503988659,14.999999999999998,-0.11304169672029114,0.8442186333601629,0.345274934909754
12.5,0.878137996429108,-0.16366419729592052,0.1315187857209457,10.806016815985522,5.5389490095861875,1.4805382280894686,10.89615241629822,6.534878511889787,10.715881215672825,4.5430195072825885,0.3490658503988659,14.999999999999998,-0.10484154849616348,0.8250397616221592,0.3282452403738642
12.75,0.8742491305934982,-0.16319035141916474,0.1311399046094441,10.862920746645258,5.754373456459187,1.5133696226112916,10.92031589214999,6.752724996385125,10.805525601140525,4.756021916533249,0.3490658503988659,14.999999999999998,-0.09319857180445527,0.8007548796388283,0.30924791068615803
13.0,0.8705262440353967,-0.16274613610946675,0.13076830347017362,10.912579041720722,5.970601667486054,1.5461071753161344,10.937265685046619,6.970296905867781,10.887892398394827,4.9709064291043275,0.3490658503988659,14.999999999999998,-0.08512959832505561,0.7788018009096646,0.2926827433013426
13.25,0.8669558714974316,-0.16232783497071337,0.1304091658802934,10.95502770391026,6.1874269867066705,1.5787534004417219,10.947070714230216,7.187395329363195,10.962984693590304,5.187458644050146,0.3490658503988659,14.999999999999998,-0.07520478869064708,0.753265685706656,0.27404590824007635
13.5,0.8635353722944615,-0.16193840058670322,0.1300583628013888,10.99030636588014,6.404644927992408,1.6113108664578721,10.949802908923674,7.403824326286136,11.03080982283661,5.405465529698679,0.3490658503988659,14.999999999999998,-0.0640280153004427,0.7251711187725443,0.25591375859809357
13.75,0.8602609903439955,-0.1615792534721644,0.12971727185734155,11.018458974218072,6.622054325206506,1.6437818397217532,10.945538241608462,7.619392064769027,11.09137970682768,5.624716585643985,0.3490658503988659,14.999999999999998,-0.05686421510986132,0.698473514312596,0.23835021124617037
14.0,0.8571188776772435,-0.16124744479281955,0.12938695994411348,11.039533029716265,6.839455861724212,1.6761688971190674,10.934355349753531,7.833909307410727,11.144710709679,5.845002416037698,0.3490658503988659,14.999999999999996,-0.04847427705343824,0.6702448487770537,0.2207965183935782
14.25,0.8541057031146975,-0.1609433180393321,0.1290669740941224,11.053579469058654,7.056652060953619,1.7084746746278627,10.916335665535932,8.047189358784832,11.190823272581374,6.066114763122403,0.3490658503988659,14.999999999999998,-0.03974604852774506,0.6410376930780783,0.20360037809966916
14.5,0.8512165352968868,-0.16066654493860724,0.1287575207690058,11.060652901896775,7.273448347870284,1.7407017832817089,10.891563734232149,8.25904910546875,11.229742069561402,6.287847590271817,0.3490658503988659,14.999999999999996,-0.031166461822852265,0.611469393455012,0.18690189418083658
14.75,0.8484456645614014,-0.16041612405897418,0.12845889735619304,11.060811430093544,7.4896526791029325,1.7728528985275467,10.860126943633722,8.469308606913605,11.261495916553365,6.50999675129226,0.3490658503988659,14.999999999999996,-0.022185581767796423,0.5771286507441294,0.16976481011104408
15.0,0.8457885584807792,-0.16019573952393748,0.12816955859429638,11.054117125252796,7.70507565504258,1.8049305223903451,10.822116234106947,8.677791228325745,11.286118016398646,6.732360081759416,0.34906585039886584,14.999999999999996,-0.016026000047941375,0.5517939542709833,0.15471820804568284
15.25,0.8432347559496207,-0.15999413420607667,0.12789289049627836,11.040634896592737,7.919529601985309,1.836937436423329,10.7776245228572,8.884322607405467,11.303645270328271,6.954736596565151,0.3490658503988659,14.999999999999998,-0.008575815594887761,0.5162142342143491,0.13845403386633076
15.5,0.8407820531695677,-0.1598213679054536,0.1276249686007943,11.02043325401832,8.13282902591159,1.8688762824448946,10.726747879386053,9.088731165634732,11.314118628650585,7.176926886188449,0.34906585039886584,14.999999999999998,-0.0021659741657459103,0.4872008244295674,0.12355926060415898
15.75,0.8384238346288324,-0.15966875967058403,0.12736789037928564,10.99358453802378,8.34479107596701,1.900749533495489,10.669585778426287,9.290848581502127,11.317583297621274,7.398733570431892,0.34906585039886584,14.999999999999998,0.003907689719986237,0.4574282588509664,0.10932850902020069
16.0,0.83615522147937,-0.15953613663224162,0.12712147470025995,10.960163805724532,8.555234867477681,1.9325598783956823,10.60623961876982,9.490508982317023,11.314087992679246,7.619960752638339,0.3490658503988658,14.999999999999996,0.009558131333943195,0.4272211899148207,0.09549951698270823
16.25,0.8339713440680847,-0.159422958504731,0.12688509091934758,10.920249753327463,8.76398192304804,1.9643099015971277,10.536813954473754,9.687549456126971,11.30368555218117,7.840414389969106,0.34906585039886584,14.999999999999998,0.014663100335300158,0.39692133053294004,0.08215708568001692
16.5,0.8318673021062849,-0.15932832263644234,0.12665835082766114,10.873924672666805,8.970856147082795,1.996002062219435,10.461416466710356,9.881810031765587,11.286432878623254,8.059902262400003,0.34906585039886584,14.999999999999998,0.019186217643527927,0.3668036437433437,0.06940746131411732
16.75,0.829838332102834,-0.15925107061524946,0.1264410635612023,10.821274415541552,9.175683817532391,2.027638748539952,10.380157872902076,10.073133646664827,11.262390958181028,8.278233988399958,0.34906585039886584,15.0,0.02264399320955475,0.3408671170213821,0.05780309088894553
17.0,0.8278790352543919,-0.1591859077040374,0.12623399575575153,10.762387956423838,9.378293280335681,2.059222430911222,10.293151350638405,10.261365761953833,11.231624562209273,8.495220798717527,0.34906585039886584,14.999999999999996,0.02726639821142666,0.3049930765057456,0.04561928083154422
17.25,0.8259883759893175,-0.15914284830338396,0.12603430979785002,10.697358479383718,9.57851604207981,2.0907552822009743,10.200513961244326,10.446355615269969,11.19420299752311,8.710676468889654,0.34906585039886584,14.999999999999996,0.029773225438246762,0.28059177078122804,0.0351757684490895
17.5,0.8241591362294829,-0.15910838791929716,0.1258445507587783,10.626282574452558,9.776186074630564,2.1222394966942497,10.10236555253075,10.62795538268342,11.150199596374366,8.924416766577707,0.34906585039886584,14.999999999999998,0.03457714001412663,0.24884572534491523,0.024759061891510316
17.75,0.8223929497232955,-0.1590900852600716,0.12566283445755602,10.549259812752984,9.971140036760922,2.153677300973717,9.998828326299833,10.806020374726252,11.099691299206135,9.136259698795593,0.3490658503988659,14.999999999999998,0.03735402806380147,0.22687203735900643,0.015527973706105027
18.0,0.8206832154143846,-0.15907678084775603,0.12549032008926775,10.46639296380961,10.16321737408883,2.1850708693310783,9.890027127688803,10.98040916489009,11.042758799930418,9.34602558328757,0.3490658503988659,14.999999999999996,0.04241026196449843,0.19234844092091075,0.0051465591952720175
18.25,0.8190318359636914,-0.15908182784628905,0.12532308771646444,10.377788585179356,10.352260885670493,2.216421974098565,9.776090309748257,11.150984358058386,10.979486860610455,9.5535374132826,0.3490658503988659,14.999999999999996,0.046943403611528454,0.168944093515043,-0.0022917611286552763
18.5,0.8174352055044746,-0.15909231319078646,0.1251660468986886,10.28355659021997,10.538116866685298,2.247732594669886,9.657148788058453,11.317612386488031,10.909964392381488,9.758621346882563,0.34906585039886584,14.999999999999996,0.05106801759145729,0.14872108748701238,-0.009495209720436213
18.75,0.8158904138662924,-0.15910500870342661,0.12501763442914723,10.183808868351216,10.720633375700478,2.2790050757174924,9.533334558860437,11.480161632379604,10.834283177841995,9.961105119021353,0.34906585039886584,14.999999999999998,0.05597678272148251,0.12470193835498548,-0.017706782448997913
19.0,0.8143970792631492,-0.15912433754087532,0.12487439405496459,10.078660817998564,10.899661867282031,2.310241114814277,9.40478301686815,11.638504684899496,10.752538619128979,10.160819049664564,0.34906585039886584,14.999999999999996,0.060147671348678315,0.10284300840904885,-0.024363420080728677
19.25,0.8129518724026203,-0.15914791310245668,0.12473834147604518,9.968231479984343,11.075057313131394,2.341442273916926,9.27163265428838,11.792518166446756,10.664830305680308,10.357596459816031,0.34906585039886584,14.999999999999996,0.06387873884966623,0.08035689962772741,-0.03068465557897636
19.5,0.8115521178645237,-0.15917651451412876,0.12460872568389422,9.852643318978416,11.246677759708184,2.372610251140074,9.13402463567594,11.942082093897476,10.571262002280893,10.551273425518893,0.34906585039886584,14.999999999999996,0.06556975665809342,0.06136109146540902,-0.03475248328406682
19.75,0.8101921159029186,-0.15920639743527593,0.12448825299294505,9.732022292793557,11.414384046702223,2.4037470175618183,8.99210278732294,12.087079464724873,10.471941798264174,10.74168862867957,0.34906585039886584,14.999999999999998,0.0664560040849901,0.035533408171094884,-0.04281129780622748
20.0,0.8088688128492713,-0.15924521543965944,0.1243680883214495,9.606498491973571,11.5780405292121,2.4348536883531753,8.84601499950152,12.227397794265721,10.366981984445623,10.92868326415848,0.34906585039886584,14.999999999999996,0.06464630674549401,0.020121204098056525,-0.045367014503747874
20.25,0.8075756092082209,-0.15928134436976063,0.12425820636563427,9.476205661864459,11.737514480402142,2.465931667693021,8.695911929560452,12.362927696867825,10.256499394168467,11.112101263936461,0.34906585039886584,14.999999999999996,0.06043980834908829,-0.0017662291594268964,-0.05163331466175188
20.5,0.8063067442129699,-0.15932231555058182,0.12414965718986923,9.341281382801315,11.892675933213502,2.4969823416991717,8.541947396655786,12.49356292641001,10.140615368946841,11.291788940016993,0.3490658503988658,14.999999999999996,0.053283495776757325,-0.01726572250123609,-0.055518234940448656
20.75,0.8050556558673039,-0.1593611258840219,0.12404655683946617,9.201867575659001,12.04339836143414,2.528006594074813,8.384279160475032,12.619201438325081,10.019455990842971,11.467595284543197,0.3490658503988658,14.999999999999998,0.04478080836250158,-0.03662203504701703,-0.05886171522100067
21.0,0.8038189637497655,-0.1594021905110032,0.1239482918093626,9.058109984152289,12.189558744299022,2.559005704274342,8.223067841734668,12.73974473138583,9.89315212656991,11.639372757212215,0.3490658503988658,14.999999999999996,0.03652812509605953,-0.05177561607322813,-0.061327164743253705
21.25,0.8025964528472964,-0.1594410231465598,0.12385527588031331,8.910157656398495,12.331038346630471,2.589980938748118,8.058476664007788,12.855098922518906,9.7618386487892,11.806977770742039,0.3490658503988658,14.999999999999996,0.028080270834796653,-0.06813804201580576,-0.06440680055300559
21.5,0.8013872238511948,-0.15947930756920067,0.12376507197878271,8.758162418234496,12.467722730488372,2.620933287218528,7.890671053234771,12.965174971061295,9.625653783234222,11.97027048991545,0.3490658503988658,14.999999999999998,0.020734393773783524,-0.08333628525588099,-0.06706027761340383
21.75,0.8001929689628579,-0.1595160415394507,0.12367777157512069,8.602278835216593,12.599502330563169,2.6518634647079016,7.719818558239566,13.069889255931745,9.484739112193619,12.129115405194593,0.34906585039886584,14.999999999999998,0.01512607174919771,-0.09796624863638385,-0.06937879995784099
22.0,0.7990166132949078,-0.15955097603415624,0.12359328827477695,8.442663537249569,12.726272524724628,2.682772184645118,7.546088012602277,13.16916340135618,9.339239061896862,12.283381648093076,0.3490658503988658,14.999999999999996,0.011555799241177129,-0.11157723973012793,-0.0711135376017803
22.25,0.797861618245129,-0.15958343959127427,0.1235120324290946,8.279474881801846,12.847933739440453,2.7136602044779647,7.3696491739507675,13.26292431925317,9.189300589652927,12.432943159627735,0.34906585039886584,14.999999999999996,0.00916658605624549,-0.12599253738055094,-0.07351611969914582
22.5,0.7967297560861002,-0.15961482321897666,0.12343220149714033,8.112873008740312,12.96439153820579,2.7445280914783967,7.190672871316655,13.351104489289991,9.03507314616397,12.57767858712159,0.34906585039886584,14.999999999999996,0.010059351646946591,-0.13776848692176796,-0.07426890752900807
22.75,0.7956268089807841,-0.15964271477260694,0.12335653733665507,7.943019324858055,13.075556511297503,2.7753765629747473,7.00933033700012,13.433641520691765,8.876708312715989,12.717471501903239,0.34906585039886584,14.999999999999996,0.010895137112497651,-0.14908342909314595,-0.07532682703633355
23.0,0.794552010975643,-0.15966733129406727,0.12328368960845103,7.77007657150929,13.18134391346736,2.806206482453936,6.825793293456304,13.510477762819827,8.714359849562276,12.852210064114892,0.34906585039886584,14.999999999999995,0.012280376634740825,-0.1609518763842855,-0.07521601462013952
23.25,0.793505728846493,-0.1596898534739298,0.12321511550042337,7.5942094848423745,13.281673828777947,2.837018745353061,6.640234666417371,13.581560550409883,8.548184303267378,12.981787107146012,0.34906585039886584,14.999999999999995,0.017523356779030524,-0.16998699789969243,-0.07925326323999088
23.5,0.7924950127200586,-0.15970811960671646,0.12314322188106627,7.415583671806174,13.37647120765324,2.8678134163925892,6.452827696993056,13.646843049681452,8.378339646619294,13.106099365625031,0.34906585039886584,14.999999999999996,0.01765509070506587,-0.18320827752432206,-0.07511350656643109
23.75,0.7915090166801302,-0.1597268912412889,0.12308274052243207,7.234366946792512,13.465666021358135,2.8985916112116583,6.26374670058058,13.706282599431258,8.204987193004444,13.225049443285013,0.3490658503988659,14.999999999999996,0.02498966958415624,-0.1912126654052705,-0.07919978222888584
24.0,0.7905610517180883,-0.1597414067190366,0.12301742216670282,7.050728298440494,13.549192842303496,2.929354035907332,6.073166495999954,13.759841655281894,8.028290100881033,13.3385440293251,0.3490658503988659,14.999999999999996,0.025218926442526334,-0.20482603249845874,-0.07445765104819628
24.25,0.7896363812058977,-0.15975789076109193,0.12296348377857323,6.864838312695079,13.626991302716144,2.960101623410631,5.881262651930982,13.807487617229343,7.848413973459177,13.446494988202945,0.34906585039886584,14.999999999999995,0.030184705218017086,-0.21186213960974795,-0.0749350618776757
24.5,0.78874333625692,-0.15976980030862142,0.12290968903837536,6.676869585799196,13.699005384815177,2.990835736376612,5.688211903392233,13.849191892257787,7.6655272682061595,13.548818877372566,0.34906585039886584,14.999999999999993,0.03818340250321168,-0.22349821083887728,-0.07486736755494451
24.75,0.7878871802792183,-0.1597827851274337,0.12285719468121092,6.486994159537539,13.765184128353658,3.0215565578402033,5.49418984543223,13.884932171736502,7.479798473642847,13.645436084970815,0.34906585039886584,14.999999999999993,0.04570226889827324,-0.23277662593709278,-0.07261813197998286
25.0,0.7870659749673178,-0.15979457707025677,0.1228098923979772,6.295384768940288,13.825481792515486,3.052264928546925,5.29937183789706,13.914690767372589,7.291397699983515,13.736272817658381,0.3490658503988659,14.999999999999995,0.047573059634400255,-0.24072459606627272,-0.07362651024045987
25.25,0.7862680515313105,-0.15980438911938,0.12276135875906573,6.10221670553912,13.879856806392619,3.082961303753348,5.103935030798367,13.938454569803968,7.100498380279872,13.82125904298127,0.3490658503988659,14.999999999999996,0.05385857704662992,-0.24849123534893386,-0.07031209719494005
25.5,0.7855013516873096,-0.15981233654156674,0.12271949682170412,5.90766652392299,13.928272426127707,3.1136464153571195,4.9080569946247765,13.956215026869934,6.907276053221204,13.90032982538548,0.3490658503988659,14.999999999999996,0.05614958690431613,-0.25539611766922,-0.06814187190545369
25.75,0.7847572614694149,-0.15981803333264477,0.12268091893507924,5.711911568973304,13.970696694870812,3.1443214877404286,4.7119152922389,13.967967864106903,6.711907845707708,13.973425525634722,0.34906585039886584,14.999999999999995,0.060152892579980216,-0.26293519510902424,-0.06595082197846584
26.0,0.7840384971168244,-0.15982262598717228,0.1226450364904807,5.515130492599232,14.00710264069858,3.1749872624384783,4.515688040731603,13.97371423844788,6.5145729444668605,14.040491042949279,0.34906585039886584,14.999999999999993,0.061963374865628196,-0.26908328339812515,-0.06376196537210746
26.25,0.7833402111189951,-0.15982502166361862,0.12261145153663416,5.317502685940996,14.037468315558232,3.2056443632831786,4.319553295481567,13.973460393535374,6.315452076400425,14.10147623758109,0.34906585039886584,14.999999999999993,0.06314068687887237,-0.27481849756970145,-0.0608799660690792
26.5,0.7826606844545906,-0.15982518545833171,0.12258093233550559,5.119208704965092,14.061776735082848,3.2362934666776098,4.123689476741472,13.967217408535623,6.114727933188712,14.156336061630073,0.3490658503988659,14.999999999999995,0.06365506481782467,-0.27887238173566997,-0.057930341025053254
26.75,0.7819982096197436,-0.1598217669589045,0.12255300147670099,4.920429773077175,14.08001588436265,3.2669352774496287,3.928274880622977,13.95500120770746,5.912584665531373,14.205030561017841,0.3490658503988659,14.999999999999996,0.06343700488682742,-0.28344976411113576,-0.055651340829403276
27.0,0.7813510740236036,-0.1598158788306975,0.12252597405448788,4.72134763868177,14.092178944980027,3.29757022032369,3.733487496822944,13.936833072403164,5.709207780540597,14.24752481755689,0.3490658503988659,14.999999999999995,0.06303037428800351,-0.28720402973283954,-0.05291670288969052
27.25,0.7807186648068627,-0.15980705432287662,0.12250055476520456,4.522144286255266,14.098264472590873,3.328198614618822,3.5395047140128035,13.912739619638042,5.504783858497728,14.283789325543705,0.34906585039886584,14.999999999999995,0.06245657882941221,-0.29085449102173727,-0.05031681370482939
27.5,0.7801004212843764,-0.15979564359224793,0.12247623176456376,4.323001656276207,14.098276299289862,3.3588207948048945,3.3465030550281183,13.882752561013678,5.299500257524296,14.313800037566045,0.34906585039886584,14.999999999999993,0.061269854539710546,-0.29473920053319674,-0.047934918468116865
27.75,0.7794949424915166,-0.15978231201546098,0.1224524823213038,4.124101561340417,14.092223715964057,3.389436966119526,3.1546580656893237,13.84690900230058,5.093545056991511,14.337538429627534,0.34906585039886584,14.999999999999995,0.05790932770016151,-0.2971247489415941,-0.04572031529742728
28.0,0.7788978884194144,-0.15976581482192675,0.12242903154451754,3.9256260295994005,14.080121433640018,3.4200472380619256,2.9641446547966463,13.80525134449351,4.887107404402155,14.354991522786525,0.3490658503988659,14.999999999999995,0.05788250035448249,-0.3056066828942554,-0.04322706126042096
28.25,0.7783154742775256,-0.1597529575269155,0.12240620248673402,3.7277559783921506,14.061990121645382,3.450651721666432,2.775135790714823,13.757827701169555,4.680376166069479,14.366152542121208,0.3490658503988659,14.999999999999995,0.05091299754881539,-0.3082352701535317,-0.04335131490116627
28.5,0.7777340813968987,-0.15973748912050761,0.12237983040911211,3.530672348283573,14.037856130060725,3.481250031654216,2.5878034780993486,13.704692065915857,4.473541218467797,14.371020194205592,0.3490658503988659,14.999999999999993,0.05151493716976972,-0.31639206903001216,-0.04070083063737405
28.75,0.7771683407174947,-0.15972542872729906,0.1223554440638748,3.3345548458097873,14.007751175503607,3.5118420027089474,2.402317697675903,13.645903279780354,4.266791993943672,14.36959907122686,0.34906585039886584,14.999999999999991,0.04240511462683627,-0.31964310939446666,-0.042214029072804804
29.0,0.7765992612439298,-0.1597115918835123,0.12232586594759746,3.1395824761996747,13.971712607892401,3.5424271945344175,2.218846788450711,13.58152573816785,4.060318163948637,14.361899477616955,0.34906585039886584,14.999999999999991,0.04386223081466988,-0.32791317178593626,-0.03964756014224634
29.25,0.7760473413262496,-0.15970131034786542,0.12229926669358863,2.945932580624395,13.92978311549562,3.5730053762992173,2.037556660653184,13.511628612929128,3.8543085005956055,14.347937618062112,0.34906585039886584,14.99999999999999,0.035122541312169055,-0.3317197194582838,-0.04244249919493446
29.5,0.7754926141285248,-0.15968991709579303,0.12226620641329748,2.753780899751244,13.88201069560455,3.6035760575648834,1.858610692574486,13.436286228940304,3.648951106928002,14.327735162268793,0.3490658503988658,14.99999999999999,0.037383344784687224,-0.34038464107440386,-0.040462808111212945
29.75,0.7749564087331794,-0.159682495778227,0.12223640021979806,2.5633011797241743,13.828448596834102,3.63413889379136,1.6821695066055877,13.355577605307595,3.444432852842761,14.301319588360608,0.3490658503988658,14.99999999999999,0.030942378568814263,-0.3447016510576039,-0.04339080148917913
30.0,0.7744215408267292,-0.1596744642445938,0.12220113491100064,2.3746648641669497,13.769154981639073,3.6646935580889353,1.5083906321765101,13.269586212609845,3.240939096157389,14.268723750668299,0.3490658503988658,14.99999999999999,0.03348447836619466,-0.3549393925524061,-0.04186281277933983
30.25,0.7739052478709618,-0.15967199857988257,0.12216932609376273,2.1880411874924075,13.70419324031868,3.695239851935059,1.337428675361049,13.178400168658747,3.0386536996237656,14.229986311978616,0.3490658503988658,14.999999999999991,0.03179901962276099,-0.36084754242293476,-0.04282558136895531
30.5,0.7733987163789942,-0.15967028934514707,0.12213632193665368,2.0035963066820477,13.633631197539536,3.7257780317313105,1.1694346637868582,13.08211115844512,2.837757949577237,14.185151236633953,0.34906585039886584,14.999999999999991,0.03639757731287303,-0.36866459483818736,-0.04794553977768849
30.75,0.7729141385643207,-0.15967169584573954,0.12209576985984669,1.821493892912625,13.557540980390673,3.7563069543056242,1.0045556427114004,12.980815833238049,2.6384321431138495,14.134266127543297,0.34906585039886584,14.999999999999991,0.0364413952152635,-0.37948984093761173,-0.0454099282129202
31.0,0.7724419628535859,-0.15967890177568997,0.12206275014433315,1.6418945082094194,13.475999849743264,3.7868267249107403,0.8429354864689195,12.874614381362553,2.4408535299499197,14.077385318123977,0.34906585039886584,14.99999999999999,0.0445039667827924,-0.3858809609942254,-0.05144275906919811
31.25,0.7719972944864155,-0.1596873392182482,0.12202148279111928,1.4649559109246828,13.389088839142081,3.8173371408714942,0.684714404211752,12.763610469250416,2.245197417637613,14.014567209033748,0.3490658503988658,14.999999999999988,0.042628889734534006,-0.39586885453324394,-0.04746308945228072
31.5,0.7715600459021364,-0.1597003720067537,0.12199110456963695,1.290833717575765,13.296893763779313,3.8478386715848654,0.5300302186416309,12.647911455846245,2.051637216509899,13.94587607171238,0.3490658503988658,14.999999999999988,0.050964153417649115,-0.41264019640801897,-0.052356954909322226
31.75,0.771149181039994,-0.15972521963296046,0.12195398876284959,1.1196802159282429,13.199505663752081,3.8783317021867143,0.3790167673456172,12.527629443058348,1.8603436645108686,13.871381884445812,0.3490658503988658,14.99999999999999,0.05710723601789471,-0.42265754729560917,-0.06006611011364618
32.0,0.7707600766872016,-0.15975416509530913,0.12190816384478236,0.9516433993498314,13.097018703690871,3.9088142940636277,0.23180138913099024,12.402880763275427,1.6714854095686729,13.791156644106314,0.34906585039886584,14.99999999999999,0.054072590070710705,-0.43695216288621086,-0.05567358085861703
32.25,0.7703739373058263,-0.159790823339507,0.12187631973692947,0.786870575897015,12.989532907268455,3.9392872694311634,0.08851193807262005,12.273784897856624,1.4852292137214098,13.705280916680284,0.34906585039886584,14.999999999999991,0.05431122821633091,-0.44785815314329663,-0.06708449277712071
32.5,0.7699968196765337,-0.15983170494191637,0.121828620208552,0.6255071754790796,12.877153388930687,3.9697501861594207,-0.05072705284468389,12.140466706247045,1.3017414038028432,13.613840071614327,0.3490658503988658,14.99999999999999,0.05335233524179715,-0.463692939405709,-0.06285562084856455
32.75,0.7696258253858476,-0.15988091759793033,0.12179555046570992,0.46769461928804806,12.759989315312193,4.000203101802859,-0.1857952801441673,12.003054079416229,1.1211845187202636,13.516924551208158,0.3490658503988658,14.99999999999999,0.05134546753549787,-0.4746886879562113,-0.0683454418945415
33.0,0.769258148396245,-0.1599330229695097,0.12175722785845457,0.31357168873373326,12.63815405687074,4.0306470543644215,-0.3165748547768384,11.86167782819151,0.943718232244305,13.414630285549968,0.3490658503988658,14.99999999999999,0.04672488560282063,-0.4949950912403677,-0.07517364217016859
33.25,0.7688886644853694,-0.1599976143242904,0.12171268776760344,0.1632735782100715,12.511766073540683,4.061080600508563,-0.442953889255086,11.716474769869981,0.769501045675229,13.307057377211386,0.34906585039886584,14.999999999999991,0.042874010983736124,-0.5111541734243135,-0.08174448362001076
33.5,0.768518708096244,-0.16006916134348007,0.12166443757851399,0.0169313540677437,12.380948515156422,4.091502519049925,-0.564825049866187,11.567585443407715,0.5986877580016745,13.19431158690513,0.34906585039886584,14.999999999999991,0.039361861674146965,-0.5285423506972163,-0.08800747039599827
33.75,0.768148738022285,-0.16014828630548092,0.12161411255281811,-0.1253277284680415,12.245827787858934,4.12191209775673,-0.6820849492775892,11.415152522140385,0.4314294923415063,13.076503053577483,0.34906585039886584,14.999999999999991,0.03759150662921625,-0.5454612931625199,-0.09438442267875281
34.0,0.7677818501540223,-0.16023380257955308,0.12156227918841446,-0.26338077025381584,12.10653350546811,4.152308892044292,-0.7946348217268094,11.259320938992888,0.26787328121917786,12.953746071943332,0.3490658503988658,14.99999999999999,0.034853172952189475,-0.564382028958526,-0.10013952245424049
34.25,0.7674157465069876,-0.16032718072165256,0.12151047484772055,-0.39710918048073496,11.963198646018865,4.182692727886387,-0.9023804228766008,11.100238060819436,0.10816206191513103,12.826159231218293,0.3490658503988658,14.99999999999999,0.031904642714376555,-0.5855010157133167,-0.10818741783021142
34.5,0.7670496479405899,-0.1604300836989386,0.12145496002676102,-0.5263988000788381,11.815959986248032,4.213063118636716,-1.0052326178131388,10.938054424701692,-0.04756498234453719,12.693865547794372,0.3490658503988658,14.99999999999999,0.02897329861049518,-0.6050117352816007,-0.11562581781166613
34.75,0.7666833070270003,-0.16053990258702155,0.12139800069810887,-0.6511397911779496,11.664957524110307,4.243419437115965,-1.1031071137290376,10.772923029628169,-0.19917246862686158,12.556992018592444,0.34906585039886584,14.999999999999991,0.026346591454856304,-0.624614494882813,-0.12420116323506313
35.0,0.76631710403595,-0.16065614287581986,0.12133822556987119,-0.7712265334614157,11.510334083806967,4.2737611413799845,-1.1959241329894532,10.604998814994836,-0.3465289339333781,12.4156693526191,0.3490658503988658,14.99999999999999,0.02272967085449027,-0.643990599726957,-0.13237156332517716
35.25,0.7659489367582755,-0.16077794457558608,0.12127719320818905,-0.8865578007586511,11.35223550783336,4.3040877344449475,-1.2836085916245308,10.43443886942549,-0.48950700989277146,12.27003214624123,0.3490658503988658,14.99999999999999,0.018452893416290576,-0.6647441558297873,-0.14228129934060743
35.5,0.7655774297295873,-0.16090629759499672,0.12121236920727288,-0.9970369241293116,11.190810798145964,4.33439856768688,-1.366090413168773,10.261402641183798,-0.6279834350898502,12.120218955108129,0.3490658503988658,14.999999999999988,0.013976406513713598,-0.6859722381015213,-0.1525420815420788
35.75,0.7652021743833884,-0.16104109177472709,0.12114426707898068,-1.1025721321768158,11.026211839524409,4.3646927612056965,-1.4433049227583838,10.086051658798537,-0.7618393415952477,11.96637202025028,0.3490658503988658,14.999999999999991,0.009176262642893887,-0.7069478830252341,-0.16315619457717984
36.0,0.7648225273847256,-0.16118145805019776,0.12107326155481793,-1.2030764606487006,10.858593069974024,4.3949695456429065,-1.5151924126431333,9.908549053882869,-0.8909605086542678,11.808637086065177,0.3490658503988658,14.999999999999991,0.004013069835841002,-0.7276876718937755,-0.1739658184795515
36.25,0.7644377979661382,-0.16132661173375074,0.12099985492708969,-1.2984677221877547,10.688111325142533,4.425228262131479,-1.581698073999266,9.729059414236389,-1.0152373703762432,11.647163236048677,0.3490658503988658,14.999999999999991,-0.0012740568681521907,-0.7476855805825819,-0.18493806494914114
36.5,0.7640477974880121,-0.16147530586054204,0.12092445488723975,-1.3886685252509439,10.514925618721218,4.455468364914158,-1.6427719766019662,9.547748573909102,-1.1345650738999216,11.482102663533336,0.3490658503988658,14.99999999999999,-0.006772210133980748,-0.7674216692162266,-0.19642293641853673
36.75,0.7636522278566675,-0.16162693370166792,0.12084673042964338,-1.473606355731867,10.339196955609726,4.485689312407726,-1.698369221131106,9.364783463124363,-1.248843490332628,11.313610448095089,0.3490658503988658,14.99999999999999,-0.013265286008814372,-0.7880459735655857,-0.20821914501128624
37.0,0.7632492930636297,-0.1617821330386436,0.12076671304612813,-1.5532138240067441,10.161088436389925,4.5158905281215675,-1.7484501939822514,9.180332218035284,-1.3579774540312364,11.141844654744565,0.3490658503988658,14.999999999999991,-0.018407160046500892,-0.8057274893300569,-0.22079552934765337
37.25,0.7628418779537165,-0.16193750911452917,0.1206837829224417,-1.627428455943653,9.9807646432259,4.546071357520229,-1.7929803713553694,8.994563566718499,-1.461876540531936,10.9669657197333,0.34906585039886584,14.999999999999991,-0.024524243463933774,-0.8257238922948075,-0.23276829724065523
37.5,0.7624282950994413,-0.1620954354302088,0.12059958067847995,-1.6961929630737909,9.79839151006679,4.576231288466793,-1.8319303420953605,8.807646656968787,-1.5604555840522212,10.78913636316479,0.34906585039886584,14.99999999999999,-0.030671718079685457,-0.8433965157038075,-0.2454197347087927
37.75,0.7620087000331615,-0.16225324684523035,0.12051332512211538,-1.7594552308805327,9.614136514032786,4.606369901100623,-1.8652758118810169,8.619751274477453,-1.6536346498800485,10.608521753588121,0.3490658503988658,14.99999999999999,-0.03719893169092598,-0.8610064336030354,-0.25772063081406266
38.0,0.7615826360540283,-0.1624108551915935,0.12042604386233151,-1.8171681026742716,9.428168313820699,4.636486817946084,-1.892997405628793,8.431047500265388,-1.74133879971975,10.42528912737601,0.3490658503988658,14.999999999999988,-0.04404728590013274,-0.8773122099868356,-0.27127301830717343
38.25,0.7611498529991486,-0.1625669613872753,0.12033584389698021,-1.869289546416015,9.24065668921252,4.666581533527662,-1.9150809751567177,8.241705666861769,-1.8234981176753124,10.23960771156327,0.3490658503988658,14.99999999999999,-0.0519830824112624,-0.8928125189464992,-0.28510911261089866
38.5,0.7607087468124302,-0.16272087494936105,0.12024291643095285,-1.9157826604540615,9.051772532778285,4.6966533444158935,-1.931517647046801,8.051896335343265,-1.900047673861322,10.051648730213305,0.34906585039886584,14.99999999999999,-0.059228043746087346,-0.9072732126569738,-0.2970832111938966
38.75,0.7602610651096134,-0.1628715993185119,0.12015095880886492,-1.9566157220789433,8.861687443634166,4.726702056393764,-1.9423031347708761,7.861789873957849,-1.9709283093870107,9.861585013310483,0.34906585039886584,14.99999999999999,-0.06645323383882415,-0.9208633423543321,-0.309203319088567
39.0,0.7598071585195326,-0.16301849358845352,0.1200592872954077,-1.991762081325052,8.670573324933871,4.75672782185925,-1.9474377662867812,7.671556130338895,-2.0360863963633227,9.669590519528846,0.34906585039886584,14.999999999999988,-0.07386021391233945,-0.9333255061230277,-0.32141277476194924
39.25,0.759347066424042,-0.16316071871592433,0.11996750383938974,-2.021200162113896,8.478602450481986,4.786730660196451,-1.9469269405609082,7.481364520717909,-2.0954733836668833,9.475840380246062,0.3490658503988658,14.999999999999988,-0.08146560610262912,-0.9447795581511488,-0.33329736483404593
39.5,0.7588808357303483,-0.16329762420305982,0.11987599224689424,-2.0449134722761677,8.285947364092806,4.816710594355232,-1.9407809773730287,7.291383930467099,-2.1490459671793065,9.280510797718513,0.3490658503988658,14.999999999999986,-0.08914701572728728,-0.9551995836567018,-0.34480251295016234
39.75,0.7584087539216963,-0.16342858867447066,0.11978511115174245,-2.062890607703061,8.092780706290513,4.84666773979422,-1.92901500990107,7.101782560826274,-2.1967662055050523,9.083778851754753,0.3490658503988658,14.999999999999984,-0.09684573966367722,-0.9635070985464783,-0.35782204456545813
40.0,0.757931388877978,-0.16355203756738326,0.1196920028626395,-2.0751251233235473,7.899275034979746,4.8766018775095805,-1.9116492558561347,6.912727701723021,-2.238600990790961,8.88582236823647,0.34906585039886584,14.999999999999988,-0.10469918243961945,-0.971094990280295,-0.3685563466721511
40.25,0.757449006266963,-0.16366782280365555,0.11960086095292784,-2.0816156296019366,7.705602670688512,4.906513004046363,-1.8887085434166446,6.724385642656027,-2.2745227157872288,8.686819698720996,0.3490658503988659,14.999999999999991,-0.1125961219322737,-0.9772803646244054,-0.3791593833502808
40.5,0.7569619679263765,-0.16377516739527587,0.11951114593348346,-2.082365754065584,7.511935588339619,4.936401539996792,-1.860222051617219,6.536921652304387,-2.3045094565139492,8.48694952437485,0.3490658503988659,14.999999999999991,-0.12734033933483493,-0.9836581639150085,-0.39657488703373994
40.75,0.7564580064245559,-0.16387540099102138,0.11941076841656445,-2.0773847729058894,7.318446765612689,4.966266251365533,-1.8262259466863302,6.350500876622965,-2.328543599125448,8.286392654602412,0.34906585039886595,14.999999999999993,-0.12286711016702494,-0.9820092042059972,-0.3931770115781389
41.0,0.7559745158950502,-0.16395976257262967,0.1193374328086073,-2.066685550010921,7.125305676454427,4.996109436080066,-1.786756258142748,6.165285056074672,-2.3466148418790937,8.085326296834182,0.3490658503988659,14.999999999999991,-0.13357810062519865,-0.9858882059465033,-0.40507477820586374
41.25,0.7554816636067647,-0.16403620268830194,0.1192577408608913,-2.0502849345234404,6.932680430263445,5.0259334563463645,-1.7418526979730673,5.981434113342021,-2.3587171710738124,7.883926747184868,0.3490658503988659,14.999999999999991,-0.1433233105120706,-0.9873468161326296,-0.4146480153207853
41.5,0.7549823079616708,-0.1641028509805977,0.11917711647008548,-2.0282064513862665,6.740741322872428,5.055737438455955,-1.6915644602309634,5.799108607961238,-2.36484844254157,7.682374037783618,0.34906585039886584,14.99999999999999,-0.15366073064414396,-0.9838021934212577,-0.4233959254508038
41.75,0.7544761423266696,-0.1641553400635506,0.11909703452247598,-2.0004779922190665,6.549657617013431,5.0855213460521735,-1.635943948893721,5.618467555179987,-2.365012035544411,7.4808476788468745,0.3490658503988659,14.99999999999999,-0.1648319599069719,-0.9794210092810249,-0.4327429470569414
42.0,0.7539625146713616,-0.16419414757533538,0.11901597936315096,-1.9671321432551594,6.359597765447167,5.115285114749901,-1.575047921418709,5.439668440451532,-2.35921636509161,7.2795270904428016,0.3490658503988659,14.99999999999999,-0.1684624357060575,-0.977690273154152,-0.4344974644755476
42.25,0.7534563589714042,-0.16422295077057153,0.11894650369338611,-1.9282062329265592,6.170727142556828,5.14503014945958,-1.5089361550577536,5.262865588241467,-2.347476310795365,7.078588696872189,0.34906585039886595,14.999999999999991,-0.16905877295457863,-0.9703181476992919,-0.43847684855890273
42.5,0.7529634454029865,-0.16423691269294388,0.11888182350143929,-1.8837408183849242,5.983207662563441,5.174758449421407,-1.4376707910047863,5.088209600736865,-2.3298108457650617,6.878205724390016,0.3490658503988659,14.99999999999999,-0.17970484004040904,-0.9632414766184781,-0.4428615700030165
42.75,0.7524645825378349,-0.1642377924958491,0.1188196922294875,-1.8337812961848594,5.797201613621536,5.204470924558119,-1.3613194615482267,4.915850483360571,-2.306243130821493,6.678552743882501,0.3490658503988659,14.99999999999999,-0.1903765939211498,-0.9518450334324117,-0.4442885840711645
43.0,0.7519602990934733,-0.16422206880893778,0.1187640985929587,-1.7783785528416511,5.612871998704701,5.2341687397436285,-1.279954693450877,4.745938520062859,-2.2768024122324246,6.479805477346545,0.3490658503988659,14.999999999999988,-0.19498627127883586,-0.9436270906594402,-0.44726842986021725
43.25,0.751462889098136,-0.16419469885940383,0.11871025230255419,-1.7175874720245086,5.430378728174161,5.263852889540586,-1.1936527851532415,4.578620285954109,-2.2415221588957763,6.282137170394213,0.3490658503988659,14.999999999999991,-0.20086720336694064,-0.9337227907835643,-0.4486479670513927
43.5,0.7509701992976278,-0.16415499727178717,0.11866026734044553,-1.6514672977605112,5.2498786436702005,5.29352409092008,-1.1024942366638473,4.414038600246516,-2.200440358857175,6.085718687093884,0.3490658503988659,14.999999999999991,-0.20478094448657339,-0.9209378857286342,-0.4484086555887213
43.75,0.7504862997055379,-0.16410107014349729,0.1186157421840527,-1.580081237323384,5.071526775604128,5.323183519122543,-1.006562716012988,4.252334181817831,-2.15359975863378,5.890719369390424,0.3490658503988659,14.99999999999999,-0.21277127959095196,-0.9049572842911627,-0.44610123858818684
44.0,0.750003467780935,-0.16403080017044405,0.11857851478533994,-1.5034966155832907,4.89547697564706,5.352832785850915,-0.9059452585635546,4.093646335347013,-2.1010479726030273,5.697307615947107,0.34906585039886584,14.99999999999999,-0.21844637048580726,-0.888972715923108,-0.44421116876367867
44.25,0.749526562358029,-0.1639457253866374,0.11854562942481653,-1.4217851311689051,4.721881511569528,5.382473322605186,-0.800733037081308,3.9381122238134756,-2.042837225256502,5.50565079932558,0.34906585039886584,14.999999999999991,-0.2241148583866716,-0.8721887433915672,-0.44127611824270424
44.5,0.7490559214431798,-0.16384638431825208,0.11851748876264599,-1.3350225485367546,4.550889918901816,5.412106267536801,-0.6910211177534756,3.7858656335674903,-1.9790239793200337,5.31591420423614,0.34906585039886584,14.999999999999991,-0.22828733027691042,-0.8558441280227996,-0.4344213098883049
44.75,0.7485944570931923,-0.16373439073561552,0.1184991635242765,-1.2432886977012698,4.382649107058134,5.441733473765333,-0.5769076726891404,3.637037727381158,-1.9096697227133983,5.12826048673511,0.34906585039886584,14.999999999999991,-0.23254490386531038,-0.8328141459463477,-0.427890371052162
45.0,0.7481420315453045,-0.1636039406806501,0.11848752508153976,-1.1466667177268801,4.2173039603659195,5.471356984855934,-0.4584936668614402,3.4917573718806856,-1.8348397685923197,4.942850548851153,0.34906585039886584,14.999999999999991,-0.23750835470221154,-0.8092190662947757,-0.4225322853418119
45.25,0.7476977310084381,-0.1634562980994648,0.11847862148560534,-1.0452434114976508,4.0549975963847364,5.50097795081864,-0.33588399245873446,3.3501506522746425,-1.754602830536567,4.75984454049483,0.34906585039886584,14.999999999999991,-0.23890230504896554,-0.7927056798651,-0.41477652254427627
45.5,0.7472686552162229,-0.16330048398212765,0.11847539072656517,-0.9391099806125147,3.895869266430233,5.530597435823959,-0.20918755327821165,3.212339274347319,-1.669032407946818,4.579399258513146,0.34906585039886584,14.99999999999999,-0.24257398617310222,-0.772800659245209,-0.4048420928772659
45.75,0.7468500816131124,-0.16313365609587557,0.11848007543030953,-0.8283617557981827,3.7400550196874325,5.560217157181138,-0.07851648806626631,3.0784417833778,-1.5782070235300985,4.401668255997065,0.34906585039886584,14.99999999999999,-0.24587213585437304,-0.7454270139529553,-0.394330085458648
46.0,0.7464427419677598,-0.16294902425447058,0.11849167880132204,-0.7130972949361156,3.5876896344061553,5.5898389647891,0.056014334475232824,2.9485751677380954,-1.4822089243474643,4.226804101074214,0.34906585039886584,14.99999999999999,-0.24847986067876396,-0.7212621695774548,-0.3823073300364633
46.25,0.7460480359459587,-0.1627516063711143,0.1185106150544855,-0.5934185124807382,3.4389052782540235,5.619464640040263,0.19428705248750028,2.8228533787211245,-1.381124077448976,4.054957177786923,0.34906585039886584,14.99999999999999,-0.25036453756399146,-0.6987902453632311,-0.3706717782932774
46.5,0.7456672749896335,-0.16254447302718272,0.11853418585158401,-0.4694313363226631,3.293830469322455,5.649095658197799,0.33618002623327914,2.701386098498666,-1.2750426988786052,3.8862748401462435,0.34906585039886584,14.99999999999999,-0.2515891920308944,-0.6755642906325386,-0.35753896109295225
46.75,0.7453015818942167,-0.16232777586301494,0.11856373158945857,-0.34124525900448405,3.152590408474202,5.678733354105447,0.4815684233983199,2.584279187354196,-1.164058941407288,3.7209016295942083,0.34906585039886584,14.999999999999991,-0.25237052410455896,-0.6459877301897304,-0.34261274298943023
47.0,0.7449516823702845,-0.16209576661258543,0.11860090501686119,-0.20897264628844747,3.0153078888381777,5.708379441606252,0.6303252173731465,2.4716360245179922,-1.0482705099500413,3.558979753158363,0.34906585039886584,14.999999999999991,-0.25358914461272525,-0.6173973252357741,-0.32707661163500895
47.25,0.7446166635819175,-0.1618509847294631,0.11864460784467287,-0.07272907286569577,2.8821031639357786,5.7380356819530824,0.7823206399188479,2.363557130620196,-0.9277787856502397,3.4006491972513606,0.34906585039886584,14.999999999999991,-0.2543739136782903,-0.5879033646743268,-0.3108498813504112
47.5,0.7442973060016704,-0.16159375943760207,0.11869428635430586,0.06736629320840848,2.753093235276175,5.767703633905788,0.9374216736845203,2.260139246647857,-0.8026890872677035,3.246047223904494,0.34906585039886584,14.999999999999991,-0.2544472573521425,-0.5617401936081413,-0.293464044034658
47.75,0.7439947802938305,-0.16132881374429547,0.1187502139558125,0.2111908646117378,2.628391342503373,5.7973848248663105,1.0954923387770825,2.161474965846953,-0.6731106095536072,3.095307719159792,0.34906585039886584,14.999999999999991,-0.2533235714379072,-0.535184851240846,-0.2770143709209679
48.0,0.7437111510387109,-0.1610566612207015,0.1188093266970974,0.3586188826768533,2.508106786453531,5.827080411834055,1.25639380281945,2.067652256654162,-0.5391560374657431,2.9485613162528996,0.34906585039886584,14.99999999999999,-0.25254049238689597,-0.5097562776879764,-0.25579861280842636
48.25,0.7434452162414362,-0.16077905810621285,0.11887886623121385,0.5095214583127782,2.392345256335259,5.856792145992641,1.4199848780388007,1.978755651330465,-0.4009419614132441,2.8059348613400528,0.34906585039886584,14.999999999999991,-0.24993817143401292,-0.48236369646709976,-0.23912928051748997
48.5,0.7432001210001589,-0.1604948328280065,0.11894870990648795,0.6637669198150311,2.2812090293444416,5.886521298119971,1.5861218823117447,1.8948654993504621,-0.2585880426816827,2.66755255933842,0.34906585039886584,14.999999999999991,-0.25021895477864753,-0.4541616964732042,-0.2200072586132465
48.75,0.7429701008520372,-0.16020384951188493,0.11902311816317271,0.8212203542900246,2.17479710630487,5.916268508664479,1.754658199957673,1.8160579416221796,-0.11221749137762395,2.5335362709875593,0.34906585039886584,14.999999999999991,-0.24715934847544238,-0.42470018568226453,-0.1979907514588618
49.0,0.7427612412828059,-0.15990542845828198,0.11910591907909848,0.981744023856847,2.073205026280887,5.946035421310818,1.925445335306728,1.7424062433785155,0.03804271240696581,2.404003809183258,0.34906585039886584,14.99999999999999,-0.24547782417597444,-0.3967991839590132,-0.17737738754994706
49.25,0.7425703826187753,-0.15960213344547222,0.1191926460587678,1.1451976678010694,1.9765244518452871,5.975823545430572,2.098332739858385,1.6739793569870902,0.19206259574375426,2.2790695467034854,0.3490658503988659,14.999999999999991,-0.24257827576281513,-0.3672410738335892,-0.15493314637041092
49.5,0.7423994844899835,-0.1592927787372314,0.11928559093683604,1.311438110722795,1.8848432677809974,6.0056341644677635,2.2731674222259484,1.6108419331172692,0.349708799219642,2.158844602444726,0.34906585039886584,14.99999999999999,-0.2398647822900059,-0.3396554083814403,-0.13350299763837753
49.75,0.742247757511838,-0.1589802434510765,0.11938154868775347,1.4803196185440288,1.7982453626341854,6.035468409407521,2.4497943630415726,1.5530541723694833,0.510844874046485,2.043436552898887,0.34906585039886584,14.99999999999999,-0.23685169179929272,-0.31463688144273616,-0.11382097117453344
50.0,0.7421154577362135,-0.15866784162103595,0.11947700511092108,1.6516936239389086,1.7168099682792792,6.065326568663248,2.628056122354586,1.5006704955131085,0.6753311255232313,1.93294944104545,0.34906585039886584,14.99999999999999,NaN,NaN,NaN
